{
    "pr_auc": 0.44309345276319034,
    "precision_at_k": 0.12162162162162163,
    "precison_at_0.5": 0.0642781875658588,
    "recall_at_0.5": 0.8243243243243243,
    "k": 74
}